94,4
94,3
94,2
94,1
94,0
93,5
93,4
93,3
93,2
93,1
93,0
92,5
92,4
92,3
92,2
92,1
92,0
91,4
91,3
91,2
91,1
91,0
90,3
90,2
90,1
90,0
0,524
89,4
89,3
89,2
89,1
89,0
0,523
88,4
88,3
88,2
88,1
88,0
87,3
87,2
87,1
87,0
86,3
86,2
86,1
86,0
85,3
85,2
85,1
85,0
47,2
0,278
0,9
0,522
84,52
84,51
84,50
84,49
84,48
84,47
84,46
84,45
84,44
84,43
84,42
84,41
84,40
84,39
84,38
84,37
84,36
84,35
0,521
0,472
0,273
0,270
47,1
47,3
3,2
3,1
3,3
10,231
10,299
10,83
10,33
10,205
10,251
10,139
10,1
10,79
10,2
10,3
11,7
11,21
11,16
11,25
11,17
11,27
11,24
11,1
11,19
11,2
11,3
9,7
9,1
9,5
9,2
9,3
8,7
8,15
8,14
8,9
8,17
8,4
8,1
8,18
8,2
8,3
12,2
